
num_ants  num_iterations  alpha  beta  evaporation_rate  \
0         10              50    0.5   1.0               0.3   
1         10              50    0.5   1.0               0.3   
2         10              50    0.5   1.0               0.5   
3         10              50    0.5   1.0               0.5   
4         10              50    0.5   2.0               0.3   
..       ...             ...    ...   ...               ...   
59        20             100    1.0   1.0               0.5   
60        20             100    1.0   2.0               0.3   
61        20             100    1.0   2.0               0.3   
62        20             100    1.0   2.0               0.5   
63        20             100    1.0   2.0               0.5   

    pheromone_deposit  best_cost  execution_time  
0                  50        125        2.497927  
1                 100        101        2.163588  
2                  50        113        1.985780  
3                 100        115        1.961524  
4                  50         87        1.830832  
..                ...        ...             ...  
59                100         81        7.093092  
60                 50         77        7.633096  
61                100         77        8.422686  
62                 50         73        7.538852  
63                100         77        7.948263  

[64 rows x 8 columns]